Si1_1	11	13	14	15	16
Si1_2	11	13	14	15	16
Si1_3	11	13	14	15	16
Si1_4
Si1_5	11	13	14	15	16
Si1_R	11	13	14	15	16
Si2_1
Si2_2	11	13	14	15	16
Si2_3
Si2_4	11	13	14	15	16
Si2_5	11	13	14	15	16
Si2_R	11	13	14	15	16
Si3_1	11	13	14	15	16	17
Si3_2	11	13	14	15	16	17
Si3_3	11	13	14	15	16	17
Si3_4	11	13	14	15	16	17
Si3_5	11	13	14	15	16	17
Si3_R	11	13	14	15	16	17
Si4_1
Si4_2
Si4_3	11	13	14	15	16	17
Si4_4	11	13	14	15	16	17
Si4_5	11	13	14	15	16	17
Si4_R
Si5_1	11	13	14	15	16	18	19	25	26	27	28	31	32	33	34	36	37	38	39	
Si5_2	11	13	14	15	16	17	18	19	25	26	27	28	30	31	32	33	34	36	37	38	39	
Si5_3	11	13	14	15	16	17	18	19	25	26	27	28	30	31	32	33	34	36	37	38	39	
Si5_4	11	13	14	15	16	17	18	19	25	26	27	28	30	31	32	33	34	36	37	38	39	
Si5_5	11	13	14	15	16	17	18	19	25	26	27	28	30	31	32	33	34	36	37	38	39	
Si5_R	11	13	14	15	16	18	19	25	26	27	28	30	31	32	33	34	36	37	38	39	
Si6_1
Si6_2
Si6_3
Si6_4
Si6_5
Si6_R
Si7_1	11	13	14	15	16	17	18	19	25	26	27	28	30	31	32	33	34	36	37	38	39	
Si7_2	11	13	14	15	16	17	18	19	25	26	27	28	30	31	32	33	34	36	37	38	39	
Si7_3	11	13	14	15	16	17	18	19	25	26	27	28	30	31	32	33	34	36	37	38	39	
Si7_4	11	13	14	15	16	18	19	25	26	27	28	30	31	32	33	34	36	37	38	39	
Si7_5	11	13	14	15	16	18	19	25	26	27	28	30	31	32	33	34	36	37	38	39	
Si7_R	11	13	14	15	16	18	19	25	26	27	28	30	31	32	33	34	36	37	38	39	
Si8_1
Si8_2
Si8_3
Si8_4
Si8_5	25	26	27	28
Si8_R