H_Si1_1	11	12	13	14	15	16
H_Si1_2	11	12	13	14	15	16
H_Si1_3	11	12	13	14	15	16
H_Si1_4
H_Si1_5	11	12	13	14	15	16
H_Si1_R	11	12	13	14	15	16
H_Si2_1
H_Si2_2	11	12	13	14	15	16
H_Si2_3
H_Si2_3
H_Si2_4	11	12	13	14	15	16
H_Si2_5	11	12	13	14	15	16
H_Si2_R	11	12	13	14	15	16
H_Si3_1	11	12	13	14	15	16	17
H_Si3_1	11	12	13	14	15	16	17
H_Si3_2	11	12	13	14	15	16	17
H_Si3_3	11	12	13	14	15	16	17
H_Si3_4	11	12	13	14	15	16	17
H_Si3_5	11	12	13	14	15	16	17
H_Si3_R	11	12	13	14	15	16	17
H_Si4_3	11	12	13	14	15	16	17
H_Si4_4	11	12	13	14	15	16	17
H_Si4_5	11	12	13	14	15	16	17
H_Si5_1	11	12	13	14	15	16	18	19	25	26	27	28	29	31	32	33	34	36	37	38	39	40
H_Si5_2	11	12	13	14	15	16	17	18	19	25	26	27	28	29	30	31	32	33	34	36	37	38	39	40
H_Si5_3	11	12	13	14	15	16	17	18	19	25	26	27	28	29	30	31	32	33	34	36	37	38	39	40
H_Si5_4	11	12	13	14	15	16	17	18	19	25	26	27	28	29	30	31	32	33	34	36	37	38	39	40
H_Si5_5	11	12	13	14	15	16	17	18	19	25	26	27	28	29	30	31	32	33	34	36	37	38	39	40
H_Si5_R	11	12	13	14	15	16	18	19	25	26	27	28	29	30	31	32	33	34	36	37	38	39	40
H_Si7_1	11	12	13	14	15	16	17	18	19	25	26	27	28	29	30	31	32	33	34	36	37	38	39	40
H_Si7_2	11	12	13	14	15	16	17	18	19	25	26	27	28	29	30	31	32	33	34	36	37	38	39	40
H_Si7_3	11	12	13	14	15	16	17	18	19	25	26	27	28	29	30	31	32	33	34	36	37	38	39	40
H_Si7_4	11	12	13	14	15	16	18	19	25	26	27	28	29	30	31	32	33	34	36	37	38	39	40
H_Si7_5	11	12	13	14	15	16	18	19	25	26	27	28	29	30	31	32	33	34	36	37	38	39	40
H_Si7_R	11	12	13	14	15	16	18	19	25	26	27	28	29	30	31	32	33	34	36	37	38	39	40
H_Si8_1
H_Si8_5	25	26	27	28
